03070
00780
00190
00550
00730
00785
00525
02060
00860
00430
00410
01230
00471
00473
00290
00900
03420
00680
03440
03030
00511
04122
02024
00600
00620
00740
01100
03018
00332
00330
00760
00310
00450
00020
00130
00270
00052
01120
00230
00051
00250
03410
00750
00790
03060
01130
01200
00010
01502
00970
02020
00640
00400
00520
00480
00040
00500
03430
00910
00521
03020
00280
01110
00650
01501
00770
00630
00061
00523
00030
00564
00460
02010
00300
00561
01212
00240
00261
00260
00660
00220
00920
01210
00670
03010
