03070
00780
00190
00550
00730
00970
00525
01503
00290
01040
01230
00471
00473
00430
00900
03420
00680
03440
03030
00511
04122
00071
00072
03010
00620
00740
01100
03018
02060
00330
00760
00450
02024
00020
00920
00270
00052
01120
00230
00051
00250
03410
00750
00790
03060
01220
01200
00010
01502
00627
00640
00523
00520
00521
01054
02020
00480
00500
03430
00362
00910
03020
00280
01110
00650
01501
00770
00630
00061
00030
00564
00460
02010
00440
00300
00561
01212
00240
00261
00260
00040
01130
01210
00670
