03050
00720
00410
00680
00920
02024
02020
00310
00010
00250
03430
00910
00750
02030
00300
00020
00380
00220
00906
00900
00909
00860
00430
03420
03030
00740
00332
00330
00130
01120
00230
00030
00970
03410
00520
00521
04122
03022
00281
00280
00770
00670
02010
01230
00121
01130
00350
03018
00643
00640
00290
03010
03015
00592
01100
00190
00760
00450
03020
00052
00053
00051
00790
00650
00340
00500
01110
00061
00460
01212
01210
00261
00260
00100
03070
00780
00785
01040
00472
00625
00071
00072
00620
00270
01200
03060
00627
00401
00400
00730
00360
00362
00633
00630
00564
00562
00561
00240
00660
00480
