03070
00780
00190
00900
00970
00620
00730
00860
00720
00350
00410
01230
00472
00640
03010
03420
00680
03440
03030
00511
00625
00071
00627
00626
00592
00740
01100
03018
00330
00760
00450
00020
00130
00270
00052
01120
00230
00051
00250
03020
00750
00790
03060
01220
01200
00010
02024
04122
02020
00650
00400
00520
00521
02010
00480
00500
03430
00362
00910
03022
01130
00281
00280
01110
00770
00630
00061
00030
00564
00460
00562
01040
00300
00561
01212
03015
00240
00260
03410
03050
00220
00920
01210
00670
