03070
00780
00190
00900
00970
01120
00730
00860
00680
00350
00410
01230
00640
03010
02020
03420
00633
03030
00511
00625
00071
00072
00600
00620
00740
01100
03018
02060
00330
00760
00450
00020
00130
00270
00052
00053
00230
00051
00250
03410
01200
00790
03060
01130
00010
02024
04122
00626
00650
00400
00520
00480
02010
00040
00500
03430
00910
03022
00521
03020
00280
01110
00720
00770
00630
00061
00523
00030
00564
00460
00562
01040
00300
00561
01212
03015
00240
00260
03050
00220
00920
01210
00670
01220
