03070
00190
00550
00730
00970
01120
00640
00860
00430
01040
01230
00471
00473
00290
00900
03420
00680
03440
03030
00511
00625
00071
00600
00620
00740
01100
03018
00332
00330
00760
00450
00020
02010
00130
00270
00052
00053
00230
00051
00250
03410
00750
00790
03060
01130
01200
00010
02024
00626
00650
00400
00520
00480
01054
02020
00040
00500
03430
00362
00521
03020
00280
01110
01502
01501
00770
00630
00061
03010
00030
00564
00460
00562
00440
00300
00561
01212
00240
00260
00220
00920
01210
00670
01220
