00410
04391
04390
04392
04360
00130
03320
04024
04022
04020
03040
05414
05416
05410
05412
04144
04145
04146
00910
04140
05418
04142
00300
04630
04730
03420
03030
04640
00980
00981
00982
00983
00232
00230
05134
05132
05133
05130
05131
00770
00670
00120
00040
04350
04810
05222
05223
05220
00514
00513
00512
05224
05225
04720
04950
04722
04320
00950
00340
04512
04510
04514
01110
00460
01040
04214
04215
04216
04217
04210
04211
04212
04213
04218
00780
00785
04075
04070
04071
04072
01200
03450
00730
01524
01521
01523
01522
00240
00960
04919
04918
04917
04916
04915
04914
04913
04912
04911
04910
00603
00601
00600
00604
00965
04141
00010
04657
04650
04658
04659
04550
04380
04310
00904
00905
00906
00900
00901
00902
00908
00909
00860
04139
04138
04130
04137
04136
00332
00330
03410
04728
04724
04725
04726
04727
03022
04721
03020
04723
00590
01230
04113
05100
00640
04624
04626
00760
00052
00053
05034
05033
05032
05031
05030
05217
05216
05215
05214
05213
05212
05211
05210
04610
04611
04612
04614
04340
05218
01053
04940
00500
01058
00051
00940
00941
00942
00943
00944
00945
04668
00472
04664
04666
04660
04662
04261
04260
03060
00830
05219
04341
00480
04711
04710
04713
04712
00680
03440
00254
00250
00750
00020
05146
05145
05144
05143
05142
05140
04621
04620
04623
04622
05323
05322
05321
05320
04540
00531
00533
00532
00534
00430
04978
04975
04974
04977
04976
04971
04970
04973
04972
04014
00970
04122
04120
04530
00280
02010
00440
01130
03018
03013
04750
03010
03015
00190
00196
00195
00650
00062
00061
00710
00261
00260
05020
00100
00471
05200
05202
05203
05204
05205
05206
04371
04370
04931
04930
04933
04932
00620
05110
00400
00403
00402
00404
00360
04672
04670
00564
00565
00562
00563
00561
04270
03050
04152
04151
04150
04012
04013
04010
04011
04016
05310
00920
04015
00311
00310
04080
03430
00140
01502
01501
00380
00220
05120
00515
05221
00740
00660
05010
05012
05014
05016
05150
05152
00510
00030
05330
05332
00523
00520
00524
05231
05230
04966
04964
04962
04960
04961
04330
04115
04114
00966
04111
04110
00350
05340
00290
04520
00592
00591
01100
00450
00791
00790
03008
04062
04060
04066
04064
04742
04740
04068
04744
04745
01212
01210
00511
03460
00071
00072
00073
00270
04922
04923
04920
04921
04926
04924
04925
00630
05161
05160
05162
05165
05164
05167
05166
05169
05168
