00680
03440
02024
02020
00550
00310
00010
00250
03430
01503
01502
01501
00750
00300
00020
00220
00900
00430
03420
03030
00740
00660
00330
00130
01120
00230
00030
00970
03410
00523
00520
00521
00525
04122
03020
00280
00770
00670
02010
01230
00121
00040
01130
00350
03018
00640
00290
03010
00511
01100
02060
00190
00760
00450
01220
00052
00051
00790
00650
01054
00500
01110
00061
00460
01212
01210
00260
03070
00780
01040
00471
00473
00625
00071
00072
00626
00620
00270
01200
03060
00627
00730
00362
00630
00564
00561
00240
00480
