03050
00410
04150
04145
04012
04916
04010
04914
03440
04912
00920
04910
00603
00601
00600
00604
00310
04080
00010
00250
03320
04020
03040
04144
03430
04146
00910
04140
04141
04142
00140
00750
04310
00020
00380
00220
04621
04620
04520
04622
00900
04540
05168
00860
00531
03013
00533
00532
00534
00430
04130
03420
03030
04137
04136
03010
00740
00330
00980
00982
00983
04217
00130
00232
00230
00030
00970
03410
05132
00520
00524
04122
04120
03022
04530
03020
00280
00770
04218
00670
01100
02010
00440
03015
01230
00120
00040
04330
04115
04114
04110
04350
00350
04810
03018
00640
00290
00515
00514
00512
00511
00510
00592
00591
00590
00190
00760
00450
00052
00053
00051
00790
03008
04340
00650
00340
04060
00500
04512
04068
04744
04514
00062
00061
04933
01212
04216
01210
04210
00260
00100
00780
03460
00785
04371
04370
01040
04623
00471
00472
04070
00071
00072
00620
04261
04260
00270
04510
01200
03060
00830
00400
04920
03450
00730
00360
04672
00630
00564
00565
00562
00563
00561
04270
00240
05164
00480
