03070
00780
00190
00550
00730
00785
02010
00525
01503
00906
00860
04122
01040
01230
02040
00471
00473
03010
00900
03420
00680
03440
03030
00624
00626
00620
00740
01100
03018
00330
00760
00310
00450
00020
00130
00270
00052
01120
00230
00051
00250
03410
00750
00790
03060
01220
01200
00010
01502
00970
02020
00640
00400
00520
00480
00540
02024
00040
00500
03430
02030
00910
00521
03020
00280
01110
00650
01501
00770
00630
00061
00523
00030
00564
00562
00300
00561
01212
00240
00261
00260
00220
01130
01210
00670
