03070
00780
00190
00900
00730
00970
01120
00640
01503
00860
00430
01040
01230
00643
00471
00473
00290
02020
03420
00680
03440
03030
00920
04122
00071
00072
03010
00620
00740
01100
03018
00332
00330
00760
00450
00020
00270
00052
00053
00230
00051
00250
03410
00750
00790
03060
01220
01200
00010
02024
00627
00650
00550
00520
00480
02010
00040
00500
03430
00362
00910
00521
03020
00280
01110
01502
01501
00770
00630
00061
00030
00564
00562
00300
00561
01212
00240
00261
00260
00380
02060
00220
01130
01210
00670
