00410
00680
03440
00920
02024
00600
02020
00550
00010
00250
00540
03430
00910
01502
01501
00750
00300
00020
00380
00220
00906
00900
00909
00860
03420
03030
00740
00330
00130
01120
00230
00030
00970
03410
00520
00521
04122
03020
00280
00770
00670
02010
01230
00040
01130
03018
00195
00640
03010
00511
01100
00190
00760
00450
00052
00053
00051
00790
00500
01110
00061
00710
00460
01212
01210
00261
00260
00100
03070
00780
01040
00471
00473
00625
00071
00620
00270
01200
03060
00400
00730
00630
00564
00561
00240
00480
