03070
00780
00190
00900
00730
00970
00430
02010
00640
01503
02060
00350
01040
01230
00471
00473
00290
02020
03420
00680
03440
03030
00511
04122
02024
00627
03010
00620
00740
00622
03018
00660
00330
00760
00450
00020
00130
00270
00052
01120
00230
00051
00250
01200
00790
03060
01220
00010
03410
01100
00650
00550
00520
00480
01054
00040
00500
03430
00910
00521
03020
00280
01110
01502
01501
00770
00630
00061
00030
00564
00460
00562
00440
00300
00561
01212
00240
00261
00260
00121
00220
01130
01210
00670
