03070
00780
00190
00550
00730
00970
02010
00640
01503
00906
04122
00410
01230
02040
00471
00473
00430
00900
03420
00561
03440
03030
00511
00625
00071
00680
00620
00740
01100
03018
02060
00330
00760
00310
00450
00020
00270
00052
01120
00230
00051
00250
03410
00750
00790
03060
01200
00010
02024
02020
01040
00650
00400
00340
00480
02030
00040
00500
03430
00362
00910
00521
03020
00280
01110
01502
01501
00770
00630
00061
03010
00030
00564
00460
00562
00440
00300
00520
01212
00240
00260
00380
00220
01130
00670
