00410
04391
04390
04640
00550
04360
05014
03320
04024
04022
04020
03040
05414
05416
05410
05412
04144
04145
04146
00910
04140
04141
04142
02030
00300
07044
07045
07046
07047
07040
07041
07042
07043
07048
05332
04730
03420
03030
04392
00984
07036
00980
00981
00982
00983
00232
00230
00231
07220
07221
07222
07223
07224
07225
07226
07227
07228
07229
05134
05132
05133
05130
05131
00770
00670
00120
00121
00040
04350
04810
05222
05223
00515
00514
00513
00512
00511
00510
03022
04950
03020
00966
04320
00950
00340
04512
04510
04514
01110
00460
04933
04214
04215
04216
04217
04210
04211
04212
04213
04218
03070
00780
00785
04075
04070
04071
04072
01200
03450
00730
01524
01521
01523
01522
00240
00960
07219
07218
04919
04918
01060
01061
01062
01063
01064
01065
04911
04910
00603
00601
00600
00604
00965
05418
00010
04940
04657
04650
04658
04659
04550
00540
04380
01010
04310
00904
00905
00906
00900
00901
00902
00903
00908
00909
00860
04139
04138
04130
04137
04136
00333
00332
00331
00330
01120
07031
07030
07033
07032
07035
07034
07037
03410
07039
07038
04728
04724
04725
04726
04727
04720
04721
04722
04723
00590
01230
05100
00643
00642
00640
05322
00364
05320
00760
00052
00053
00051
05033
05032
05031
05030
05217
05216
05215
05214
05213
05212
05211
05210
04610
04611
04612
04614
04340
04341
01051
01053
01052
01055
01054
01057
01056
01059
01058
05034
00940
00941
00942
00943
00944
00945
04668
00472
02040
04664
04666
04660
04662
04261
04260
03060
00830
07013
05219
05218
00930
07211
04974
00480
00720
00500
04711
04710
04713
04712
00680
03440
07213
00254
00250
00253
07212
07215
00750
00020
05146
05145
05144
05143
05142
05140
04621
04620
04623
04622
05323
04624
05321
04626
04540
00531
04917
00533
00532
00534
04916
00430
07217
04915
04914
04978
04975
04913
04977
04976
04971
04970
04973
04912
04014
07216
00970
00473
04122
04120
04530
00281
00280
02010
00440
01130
07023
07020
07021
07026
07027
07024
07025
07028
07029
03018
03013
04750
03010
03015
00190
00196
00195
01220
00650
00062
00061
00710
00261
00260
05020
00100
00471
05200
05202
05203
05204
05205
05206
04371
04370
04931
04930
01040
04932
00625
00624
00627
00626
00621
00620
00623
00622
05110
05111
00401
00400
00403
00402
00405
00404
00360
00361
00362
00363
04672
00365
04670
00564
00565
00562
00563
00561
04270
03050
04152
04151
04150
07052
04012
04013
04010
04011
04016
05310
00920
04015
02025
02024
02026
02020
00311
00310
04080
07112
00140
07110
07117
07114
07053
03430
07051
07050
07057
07056
07055
07054
01503
01502
01501
00380
00220
07235
07234
07233
07232
07231
07230
07049
05120
05220
05221
00740
00660
05010
05012
00130
05016
05150
05152
05224
00030
05330
04630
00522
00523
00520
00521
00524
00525
05231
05230
04972
04966
04964
04962
04960
04961
04330
04115
04114
04113
04112
04111
04110
00351
00350
05340
00290
04520
00592
00591
01100
02060
00450
00791
00790
07019
07018
07017
07016
07015
07014
03008
07012
07011
04062
04060
04066
04064
04742
04740
04068
04744
04745
01212
01210
07214
03460
00071
00072
00073
00270
04922
04923
04920
04921
04926
04924
04925
01066
01070
00633
00630
05161
05160
05162
05165
05164
05167
05166
05169
05168
