03070
00780
00190
00900
00730
00970
02010
00525
00860
00720
00350
00410
01230
00472
00640
00290
03420
00680
03030
00511
04122
00071
00072
03010
00620
00740
01100
03018
00660
00330
00760
00310
00450
00020
00130
00270
00052
01120
00230
00051
00250
03410
00750
00790
03060
01130
01200
00010
02024
02020
00401
00400
00340
00480
01054
00040
00360
03430
02030
03050
03022
00521
03020
00280
01110
00650
00770
00633
00630
00523
00030
00564
00562
00520
00300
00500
01212
03015
00240
00261
00260
00220
00920
01210
00670
