00410
00680
03440
00920
02024
02020
00550
00310
00010
00250
00540
03430
00910
01503
01502
01501
00750
02030
00300
00020
00380
00220
00906
00900
00903
00860
00430
03420
03030
00740
00984
00332
00330
00130
01120
00230
00030
00970
03410
00523
00520
00521
00525
04122
00281
00280
00770
00670
01100
02010
01230
00121
00040
01130
00350
03018
00643
00640
00290
03010
00592
00590
02060
00190
00760
00450
03020
01220
00052
00053
00051
00790
00650
00340
00500
01110
00061
00710
00460
01212
01210
00261
00260
03070
00780
00785
02040
01040
00471
00472
00473
00625
00071
00072
00626
00621
00620
00623
00622
00270
01200
03060
00624
00627
00401
00400
00730
00360
00362
00930
00633
00630
00564
00562
00561
00240
00660
00480
