03070
00780
00190
00550
00730
00970
00430
01120
00525
03010
00350
00410
01230
00471
00473
00290
00900
03420
00680
03440
03030
00511
00625
02024
00626
00620
00740
00590
03018
02060
00330
00760
00450
01210
00920
00270
00052
00053
00230
00051
00250
03410
00750
00790
03060
01220
01200
00010
01502
04122
01100
00640
00400
00520
00480
02020
00040
00360
03430
00910
00521
03020
00280
01110
00650
01501
00770
00630
00061
00523
00030
00564
00460
02010
01040
00300
00561
00500
01212
00240
00261
00260
00220
01130
00670
