03070
00780
00190
00550
00730
00970
00430
02010
00640
00350
01230
00471
00473
00290
00900
03420
00680
03440
03030
00511
00625
00071
00072
00626
00620
00740
01100
03018
00332
00330
00760
00450
02024
00020
00130
00270
00052
01120
00230
00051
00250
03410
00750
00790
03060
01130
01200
00010
01502
04122
02020
00401
00400
00520
00480
01054
00040
00500
03430
00910
00521
03020
00280
01110
00650
01501
00770
00630
00061
03010
00030
00564
00562
00300
00561
01212
00240
00260
02060
00220
00920
01210
00670
01220
