03050
00410
04150
04711
04145
04391
04013
04392
03440
00920
00603
00601
00600
00604
00310
04080
00010
00250
03040
04144
03430
04146
00910
04140
04141
04142
00750
04310
00020
00380
00220
00900
04624
00860
00531
03013
00533
00532
00534
00430
04130
03420
03030
04137
04136
03010
00740
04215
00330
00980
00981
00982
00983
00130
00232
00230
00030
00970
03410
00520
04122
04120
03022
03020
00280
00770
00670
00590
02010
00440
03015
01230
00040
04330
04350
00350
03018
00640
00290
00515
00514
00512
00511
00510
00592
00591
01100
00190
00760
00450
00052
00053
00051
00790
03008
04341
00650
04320
00340
00500
04512
04068
04745
00062
00061
04933
04214
01212
01210
00260
04213
00100
00780
03460
00785
01040
00471
00472
04070
00071
00072
00620
00270
01200
03060
00830
00400
03450
00730
00360
00630
00564
00565
00562
00563
00561
00240
00480
