04976
04730
04971
05224
03050
04152
00410
04150
04710
04713
04145
04012
04390
04010
04392
03440
04380
00920
04015
00603
00601
00600
00604
04724
00310
05418
04080
05012
04360
00010
00250
05014
03320
04024
04650
04022
04020
03040
01523
04658
04659
04550
05150
05416
05410
05412
04144
03430
04146
00910
04140
04141
04142
00140
01502
05220
00750
04726
04151
00300
04310
05210
00020
00380
05322
00220
05145
05144
05143
05142
04973
04915
04621
04620
04520
04622
00900
04919
05321
05320
04540
05168
04918
05332
00860
00531
03013
00533
00532
00534
04916
00430
04130
03420
03030
04137
04136
03010
04978
00740
04215
04975
00660
04977
00330
00980
04970
00982
00983
05010
04217
00130
05016
00232
04210
00230
04910
00030
04211
05330
00970
04630
03410
05134
05132
05133
00523
00520
04728
00524
05146
04122
04725
04120
04727
03022
04530
03020
00280
05323
00770
04911
04966
04218
00670
01100
02010
00440
04960
04961
04640
03015
04921
01230
00120
00040
05140
05223
04723
04330
05100
04115
04114
04110
05034
04925
04350
00350
04810
03018
05340
00640
00290
04750
00515
00514
00512
00511
00510
00592
00591
00590
04720
00190
00760
00450
04721
04722
05222
00052
00053
04014
00051
05033
05032
05031
05030
05217
00790
05215
05214
05213
05212
05211
05152
04610
04611
04612
03008
05310
04340
05218
00650
04062
00340
04060
04940
04066
04064
00500
04512
04740
04068
04744
04514
04917
00062
00061
05230
04972
04742
05202
01212
04216
01210
00261
00260
04213
05020
00100
04964
04668
05200
00780
05203
05204
03460
05206
00785
04962
04371
04370
05231
04933
04931
04930
01040
04623
00471
00472
04664
04666
04070
04071
04072
04662
00071
00072
00073
00620
04923
04932
04660
04261
04260
04657
05162
05221
00270
04510
04913
01200
05216
04914
03060
00830
05414
05205
04614
05166
04922
00400
04920
03450
04926
05219
04924
00730
00360
04672
04670
04950
01524
01521
00630
01522
00564
00565
00562
00563
00561
05161
05160
04270
00240
05165
05164
05167
04974
05169
00480
04912
