03070
00780
00190
00900
00970
02010
00730
00860
00720
00350
00410
01230
00640
00290
02020
03420
00680
03030
00920
00625
00071
00072
00626
00620
00740
01100
03018
00660
00330
00760
00450
00020
00130
00270
00052
01120
00230
00051
00250
03410
00750
00790
03060
01220
01200
00010
02024
04122
00627
01040
00650
00400
00340
00521
01054
00480
00360
03430
00910
03022
03020
00280
01110
00770
00630
00061
03010
00030
00564
00562
00520
00300
00561
00500
01212
03015
00240
00260
00380
03050
00220
01130
01210
00670