03070
00190
00550
00730
00970
00430
02010
00525
00680
00350
01040
01230
00471
00473
00290
00900
03420
00561
03440
03030
02024
00625
00071
00600
00620
00740
01100
03018
00332
00330
00760
00450
00640
00020
00130
00270
00052
01120
00230
00051
00250
03410
01200
00790
03060
01220
03010
00010
01502
00626
00401
00400
00340
00480
01054
02020
00040
00500
03430
00910
00521
03020
00280
01110
00650
01501
00770
00750
00630
00523
00030
00564
00460
00562
00440
00300
00520
00240
00261
00260
00660
00220
01130
01210
00670