03070
00780
00190
00550
00730
00785
01120
00640
00860
04122
00410
01230
02040
00471
00473
00430
00900
03420
00680
03440
03030
00920
00071
03010
00620
00740
01100
03018
02060
00330
00760
00450
00020
02010
00130
00270
00052
00053
00230
00051
00250
03410
01200
00790
03060
00010
02024
00970
02020
01040
00650
00400
00340
00480
01054
00040
00500
03430
02030
00910
00521
03020
00280
01110
01502
01501
00770
00630
00061
00030
00564
00460
00562
00520
00300
00561
01212
00240
00261
00260
00380
00220
01130
01210
00670