00780
00190
00900
00970
02010
00730
04933
00563
00531
00350
00410
01230
04145
00430
04130
03420
01200
03440
03030
00511
00510
04122
00071
00600
00620
01100
03018
04070
00330
00760
00450
00750
01210
00920
00270
00052
00230
00051
00250
03013
00565
00790
03060
03010
00010
03410
03040
04144
03008
00290
00400
00520
00480
03450
00040
00500
03430
04120
00910
03022
04141
03020
00280
01110
00770
05146
00062
00630
01040
00030
00564
00460
00562
00440
00561
01212
03015
00240
00260
00380
04146
03050
00220
01130
04136