03050
00410
03430
03440
00920
00600
00010
00250
03040
04144
04145
04146
00910
04141
00750
00380
00220
00900
00860
00531
00290
00430
04130
03420
03030
04136
00740
00330
03015
00230
00030
00970
03410
00520
05146
04122
04120
03022
03020
00280
00770
02010
00440
01230
00040
01130
00350
03018
03013
03010
00511
00510
01100
00190
00760
00450
00052
00051
00790
03008
00500
01110
00062
00460
01040
01212
01210
00260
00780
04933
04070
00071
00620
00270
01200
03060
00400
03450
00730
00630
00564
00565
00562
00563
00561
00240
00480