03070
00780
00330
00900
00730
00970
01120
00640
02060
00860
01100
01230
00471
00472
00473
00430
02020
03420
00680
03440
03030
00511
00625
00071
00072
00600
00620
00740
00622
03018
00332
00190
00760
00310
00450
00020
00920
00270
00052
00053
00230
00051
00250
03410
01200
00790
03060
01220
03010
00010
02024
04122
00626
00650
00550
00520
00480
02010
00040
00500
00361
00362
00910
00521
03020
00280
01110
01502
00770
00630
00030
00564
00460
00562
00300
00561
01212
00240
03430
00260
00380
00121
00220
01130
00670