03050
00410
04145
00680
03440
00920
00603
00600
00311
00310
00010
00254
00250
03040
04144
03430
04146
00910
04141
01501
00750
00300
00020
00380
00220
00904
00906
00900
00909
00860
00531
03013
00430
04130
03420
03030
04136
03010
00740
00332
00330
00130
00232
00230
00030
00970
03410
00520
04122
04120
03022
03020
00280
04011
00770
00670
01100
02010
00440
03015
01230
00040
01130
04113
04111
00350
03018
00640
00290
00515
00514
00513
00511
00510
00592
00591
00590
00190
00760
00450
00052
00053
00051
01053
00791
00790
03008
00650
00340
00500
01110
04139
00062
00061
04138
00460
04933
01212
01210
00261
00260
00100
00780
00785
01040
00472
04070
00071
00072
00620
00270
01200
03060
00400
00403
03450
00404
00730
00360
00630
00564
00565
00562
00563
00561
00240
00660
00480