03070
00780
00190
00550
00730
00785
02010
00525
01503
00860
00350
01040
01230
00471
00473
00430
00900
00515
00680
03440
03030
04122
02024
03010
00620
00740
00590
03018
00330
00760
00310
00450
03420
00020
00130
00270
00052
01120
00230
00051
00250
03410
00750
00790
03060
01200
00010
01502
00970
01100
00640
00400
00520
00480
00540
02020
00040
00360
03430
00910
00521
03020
00280
01110
00650
01501
00770
00630
00061
00523
00030
00564
00460
00562
00300
00561
00500
01212
00240
00260
00380
00220
01130
01210
00670