03070
00780
00550
00900
00730
00785
01120
00525
01503
00860
00350
01040
01230
00471
00473
00430
03420
00680
03440
03030
00920
04122
02024
03010
00620
00740
01100
03018
02060
00190
00760
00310
00450
00020
00130
00270
00052
00053
00230
00051
00250
03410
00750
00790
03060
01220
01200
00010
01502
00970
02020
00640
00400
00520
00480
00540
02010
00040
00500
03430
00910
00521
03020
00280
01110
00650
01501
00770
00630
00061
00523
00030
00564
00460
00562
00300
00561
01212
00240
00261
00260
00220
01130
01210
00670