03070
00780
00190
00550
00730
00970
00640
01503
00906
00350
01040
01230
00471
00473
00430
00900
03420
00680
03440
03030
00625
00071
00072
00626
00620
00740
01100
03018
00330
00760
00310
00450
01210
00130
00270
00052
01120
00230
00051
00250
03410
01200
00790
03060
01220
03010
00010
02024
04122
00627
00650
00400
00520
00480
01054
02020
00040
00500
03430
00910
00521
03020
00280
01110
01502
01501
00770
00630
00061
00030
00564
00460
02010
00300
00561
01212
00240
00261
00260
00380
00121
00220
01130
00670