03050
00410
04145
03440
00920
00600
00604
00310
00010
00250
03040
04144
03430
04146
00910
04141
00750
00300
00020
00380
00220
00900
00860
03013
00430
03420
03030
04136
00740
00330
00130
00230
00030
00970
03410
00520
04120
03022
03020
00280
00770
00670
01100
02010
01230
00040
01130
00350
03018
00640
00290
03010
03015
00510
00592
00590
00190
00760
00450
00052
00053
00051
00790
03008
00650
00500
01110
00062
00061
00460
01212
01210
00260
00100
00780
00785
01040
04070
00071
00620
00270
01200
03060
00400
03450
00730
00360
00630
00564
00562
00563
00561
00240
00480