03070
00780
00550
00900
00730
00970
01100
00640
00350
01040
01230
00471
00473
00430
02020
03420
00680
03440
03030
00511
00625
00071
00072
00600
00620
00740
00590
03018
02060
00190
00760
00450
00020
02010
00130
00270
00052
01120
00230
00051
00250
03410
00750
00790
03060
01130
01200
00010
02024
00626
00650
00400
00520
00480
01054
00040
00360
03430
00362
00910
00521
03020
00280
01110
01502
01501
00770
00630
00061
03010
00030
00564
00460
00562
00300
00561
00500
01212
00240
00260
00220
00920
00670
01220