03070
00780
00190
00550
00730
00785
00525
01503
00860
00430
00410
01230
00471
00473
00290
00900
03420
00680
03440
03030
00511
04122
02024
00600
00620
00740
01100
03018
00330
00760
00310
00450
00020
00130
00270
00052
01120
00230
00051
00250
03410
00750
00790
03060
01200
00010
01502
00970
02020
01040
00640
00400
00340
00521
00540
00480
00360
03430
00910
03020
00280
01110
00650
01501
00770
00630
00061
00523
00030
00564
00460
02010
00520
00300
00561
00500
01212
00240
00261
00260
00040
01130
01210
00670
03010