03050
00720
01059
00410
00680
03440
00920
02025
02024
00601
00600
02020
00550
00311
00310
00010
04626
00250
00253
05150
00195
00540
03430
00910
05152
01503
01502
01501
00750
02030
02026
00300
00020
00380
00220
04621
00906
00900
00903
00909
00860
00430
03420
03030
00514
00740
00333
00332
00331
00330
00130
00232
01120
00230
00030
00970
03410
05134
05132
05133
05130
05131
00522
00523
00520
00521
00524
00525
04122
03022
00281
00280
00770
00670
01100
02010
00440
03015
01230
00121
00040
01130
04112
05100
00350
03018
00643
00642
00640
00290
00515
03010
00073
00511
00592
00591
00590
02060
00190
00760
00196
00450
00365
03020
01220
00052
00053
00051
00791
00790
05120
00650
00340
01052
01055
01054
01057
01056
00500
01110
00062
00061
00710
00460
04933
01212
01210
00261
00260
00100
03070
00780
00785
02040
01040
00471
00472
00473
00625
00071
00627
00626
00621
00620
00623
00622
05110
05111
00270
01200
03060
00624
00072
00401
00400
03450
00405
00404
00730
00360
00361
00362
00364
00930
01051
00633
00630
00564
00565
00562
01053
00561
00984
00240
00660
00480