00410
00680
03440
00920
02024
02020
00550
00310
00010
00250
00540
03430
00910
01503
01502
01501
00750
02030
00300
00020
00220
00900
00860
03420
03030
00740
00332
00330
00130
01120
00230
00030
00970
03410
00523
00520
00521
00525
04122
03020
00280
00770
00670
02010
01230
00121
00040
01130
00350
03018
00640
00290
03010
01100
00190
00760
00450
00052
00051
00790
00650
00340
00500
01110
00061
00710
00460
01212
01210
00261
00260
03070
00780
00785
00473
01040
00471
00472
02040
00071
00620
00270
01200
03060
00401
00400
00730
00360
00633
00630
00564
00562
00561
00240
00660
00480