00680
03440
02024
00600
02020
00550
00310
00010
00250
03430
00910
01503
01502
01501
00750
02030
00300
00020
00380
00220
00900
00860
00430
03420
03030
00740
00660
00330
01120
00230
00030
00970
03410
00523
00520
00521
00525
04122
03020
00280
00770
00670
01100
02010
00440
01230
00040
01130
03018
00640
03010
00511
00590
02060
00190
00760
00450
00052
00051
00790
00650
00340
00500
01110
00061
00460
01212
00260
03070
00780
00785
00473
01040
00471
02040
00625
00071
00620
00270
01200
03060
00400
00730
00360
00630
00564
00561
00240
00480