03070
00780
00190
00900
00730
00970
02010
00525
00860
00720
00350
00410
01230
00640
03010
02020
03420
00633
03030
00920
04122
00071
00072
00680
00620
00740
01100
03018
00330
00760
00310
00450
00020
03015
00270
00052
01120
00230
00051
00250
03410
00750
00790
03060
01200
00010
02024
00627
01040
00401
00400
00340
00521
01054
00480
00360
03430
02030
00910
03022
03020
00280
01110
00650
00770
00630
00061
00523
00030
00564
00562
00520
00300
00561
00500
01212
00240
00261
00260
03050
00220
01130
01210
00670