03070
00780
00190
00550
00730
00785
02010
00640
01503
00860
00350
00410
01230
00471
00472
00473
00290
00900
03420
00680
03440
03030
00920
04122
02024
03010
00620
00740
01100
03018
00332
00330
00760
00450
00020
00130
00270
00052
01120
00230
00051
00250
00750
00790
03060
01200
00010
03410
00970
02020
01040
00401
00400
00340
00480
00540
00040
00360
03430
00910
00521
03020
00280
01110
01502
00770
00630
00061
00030
00564
00460
00562
00520
00300
00561
00500
01212
00240
00261
00260
00660
00220
01130
01210
00670